; shintomi-cho
[MAXSPEED_0]
START=0.00893837
END=0.0185836
VALUE=120

; hashira minamimuki
[MAXSPEED_1]
START=0.927665
END=0.948625
VALUE=140

[MAXSPEED_2]
START=0.973569
END=0.985856
VALUE=140

; edobashi
[MAXSPEED_3]
START=0.846617
END=0.871494
VALUE=130