[MAIN]
OVERLAYS_COUNT=3

[CHECKPOINT_0]
WORLD_POSITION=-32.7536 ,1.78657 ,24.4399
OFFSET=0 ,0 ,0
WIDTH=10
HEIGHT=1.5
ORIENTATION=-0.964795 ,0.0253349 ,-0.261799

[CHECKPOINT_1]
WORLD_POSITION=36.565 ,1.76552 ,13.3361
OFFSET=0 ,0 ,0
WIDTH=10
HEIGHT=1.5
ORIENTATION=-0.967974 ,0.11508 ,0.223139

[CHECKPOINT_2]
WORLD_POSITION=-44.4402 ,1.78729 ,-15.1522
OFFSET=0 ,0 ,0
WIDTH=10
HEIGHT=1.5
ORIENTATION=-0.996966 ,0.045321 ,-0.0633285

